  0      0.9       0      0.9    0.97   0.  0.     
  0      0.9     0.9      1.2    0.96   0.  0.
  0      0.9     1.2      2.1    0.95   0.  0.
  0      0.9     2.1      2.4    0.96   0.  0.
0.9      1.2       0      0.9    0.93   0.  0.
0.9      1.2     0.9      1.2    0.94   0.  0.
0.9      1.2     1.2      2.1    0.95   0.  0.
0.9      1.2     2.1      2.4    0.95   0.  0.
1.2      2.1       0      0.9    0.94   0.  0.
1.2      2.1     0.9      1.2    0.91   0.  0.
1.2      2.1     1.2      2.1    0.92   0.  0.
1.2      2.1     2.1      2.4    0.95   0.  0.
2.1      2.4       0      0.9    0.98   0.  0.
2.1      2.4     0.9      1.2    0.95   0.  0.
2.1      2.4     1.2      2.1    0.91   0.  0.
2.1      2.4     2.1      2.4    0.96   0.  0.
