 0      0.9    10      20    0.9589 0.  0. 
 0      0.9    20      25    0.9875 0.  0.
 0      0.9    25      30    1.0001 0.  0.
 0      0.9    30      35    0.9991 0.  0.
 0      0.9    35      40    0.9986 0.  0.
 0      0.9    40      50    0.9984 0.  0.
 0      0.9    50      60    0.9988 0.  0.
 0      0.9    60      90    1.0009 0.  0.
 0      0.9    90      140   1.0008 0.  0.
 0      0.9    140     300   1.0013 0.  0.
 0      0.9    300     500   1.011  0.  0.
 0.9    1.2    10      20    0.9660 0.  0.
 0.9    1.2    20      25    0.9923 0.  0.
 0.9    1.2    25      30    1.0036 0.  0.
 0.9    1.2    30      35    1.0021 0.  0.
 0.9    1.2    35      40    1.0014 0.  0.
 0.9    1.2    40      50    0.9998 0.  0.
 0.9    1.2    50      60    1.0001 0.  0.
 0.9    1.2    60      90    1.0003 0.  0.
 0.9    1.2    90      140   0.9992 0.  0.
 0.9    1.2    140     300   0.9997 0.  0.
 0.9    1.2    300     500   1.0000 0.  0.
 1.2    2.1    10      20    0.9839 0.  0.
 1.2    2.1    20      25    0.9995 0.  0.
 1.2    2.1    25      30    1.0056 0.  0.
 1.2    2.1    30      35    1.0048 0.  0.
 1.2    2.1    35      40    1.0024 0.  0.
 1.2    2.1    40      50    1.0003 0.  0.
 1.2    2.1    50      60    1.0003 0.  0.
 1.2    2.1    60      90    1.0006 0.  0.
 1.2    2.1    90      140   1.0001 0.  0.
 1.2    2.1    140     300   1.0017 0.  0.
 1.2    2.1    300     500   1.0000 0.  0.
 2.1    2.4    20      500   1.0279 0.  0.
