0.936233
0.953314
0.954467
0.948281
0.933728
0.933496
0.956238
0.921112
0.936809
0.948175
0.936839
0.961357
0.944839
0.939757
0.955228
0.934194
0.939398
0.971216
0.9349
0.953874
0.942206
0.950271
0.956852
0.949822
0.960115
0.964035
0.966539
0.979641
0.965458
0.956266
0.940757
0.935981
0.992464
0.955728
0.969187
0.951528
0.944759
0.963804
0.955142
0.953708
0.963872
0.942714
0.976184
0.972673
0.959375
0.945499
0.963677
0.966625
0.971538
0.949846
0.952036
0.960581
0.948152
0.974685
0.964752
0.99927
0.943171
0.958376
0.979474
0.966038
0.975072
0.97259
0.960168
0.954116
0.985621
0.97118
0.986655
0.989702
0.98333
0.967628
0.984532
0.965333
0.97581
0.997264
0.960442
0.990395
0.966621
0.994633
0.974713
0.987931
1.00363
1.01318
1.02161
1.00965
0.978795
1.02891
1.03316
0.989072
1.00069
0.999645
0.982811
1.03904
0.997954
1.02251
1.00389
1.02426
1.022
1.01371
1.04915
1.02809
1.02793
1.02024
1.03086
1.03061
1.00823
1.01741
1.02174
1.04381
1.04576
1.02995
1.00669
1.0614
1.05233
1.05322
1.03831
1.03681
1.03563
1.07343
1.06341
1.10369
1.06495
1.05696
1.06516
1.07636
1.06676
1.0815
1.09053
1.07958
1.09434
1.07477
1.08327
1.04023
1.10623
1.05984
1.04528
1.07779
1.11847
1.08566
1.04998
1.09631
1.08603
1.08908
1.12632
1.09191
1.07154
1.08944
1.11368
1.12993
1.15989
1.08997
1.07392
1.08683
1.08872
1.12117
1.1325
1.10833
1.0592
1.08835
1.12058
1.10938
1.14675
1.13701
1.13276
1.20751
1.18708
1.10267
1.15699
1.23794
1.15067
1.10851
1.17087
1.1535
1.15946
1.12267
1.21386
1.09479
1.2491
1.17831
1.24621
1.25129
1.23556
1.14744
1.24812
1.20776
1.19142
1.20842
1.32034
1.24559
1.21706
1.21499
1.23408
1.20486
1.19898
1.2638
1.26631
1.30749
1.17782
1.27514
1.14505
1.38966
1.30017
1.26915
1.18191
1.26733
1.29381
1.24052
1.12585
1.3844
1.30708
1.30418
1.19553
1.46481
1.23023
1.30864
1.39522
1.45381
1.45897
1.28549
1.25325
1.2341
1.51287
1.4838
1.33641
1.26594
1.51864
1.54189
1.2992
1.05885
1.76013
1.67518
1.29622
1.47055
1.42329
1.50609
1.17663
1.26021
1.53013
0.437839
4.82163
1.14323