1.01196
1.00244
0.998257
1.0007
0.99493
0.995291
0.996574
0.999724
0.993942
0.996446
1.00164
0.998077
1.00806
0.99896
1.01024
1.00949
1.02226
1.01494
1.01095
1.0111
1.0095
1.00748
1.00198
1.01308
0.995295
1.00414
0.993133
1.00731
0.986779
0.99212
0.987676
0.99168
0.980119
0.980683
0.984546
0.980383
0.988279
0.986848
0.986783
0.98278
0.985284
0.98707
0.968072
0.987167
0.97191
0.981559
0.965438
0.982659
0.967692
0.973118
0.947798
0.97399
0.945834
0.979988
0.956994
0.948651
0.91751
0.937241
0.912077
0.942006
0.937742
0.929251
0.86796
0.930056
0.965415
0.914249
0.911611
0.913888
0.848448
0.988181
0.887591
0.996305
0.889194
0.898703
0.926129
0.893451
0.95325
1.01203
0.942671
0.98787
1.09823
0.992237
0.950229
1.30265
1.09441