1.054
1.04419
1.04204
1.01699
1.02043
1.01157
1.0127
1.00234
1.01822
0.998525
1.00378
0.995397
1.0118
0.998963
1.00398
0.996583
0.998185
0.994553
0.990013
0.98691
0.991922
0.995715
1.0067
0.995506
0.989093
0.99931
0.997361
0.982568
0.988137
0.974903
0.984319
0.972083
0.989025
0.963853
0.969694
0.941537
0.973848
0.947647
0.97998
0.956948
0.948337
0.913186
0.931661
0.907951
0.936047
0.934406
0.928644
0.86436
0.917566
0.958502
0.912651
0.904584
0.902829
0.837567
0.985265
0.882259
0.989622
0.890595
0.893559
0.91265
0.917413
0.973262
0.99731
1.17884
0.895081